153575
172287
1854
224915
151347
199634
163526
846
165626
75941
126461
176179
24677
68355
8274
169751
141350
166725
164838
259
181063
140528
151397
174543
9166
33559
116054
173142
138851
153052
876
139278
11196
238833
239090
205457
127469
161897
153344
173332
162414
6797
33880
174401
4577
241382
12665
144581
165788
165394
89109
137852
32840
10920
8429
173248
228200
13439
231837
137018
9724
17159
165718
7836
10729
212770
7963
158733
12613
168147
15485
173347
174553
153450
8421
6715
218579
236317
9413
207231
222943
136682
137226
8033
198747
212188
141736
9570
208609
162308
2342
237852
186792
216752
222049
227769
33873
199642
6496
229217
